if game:IsLoaded()then pcall(function()repeat wait()game:GetService("ReplicatedStorage").Effect.Container.Respawn:Destroy()game:GetService("ReplicatedStorage").Effect.Container.Death:Destroy()until not game:GetService("ReplicatedStorage").Effect.Container:FindFirstChild("Death")or not game:GetService("ReplicatedStorage").Effect.Container:FindFirstChild("Respawn")end)end;_G.DisDieffect=true;spawn(function()while _G.DisDieffect do wait()for a,a in pairs(game:GetService("Workspace")["_WorldOrigin"]:GetChildren())do pcall(function()if a.Name=="CurvedRing"or a.Name=="SlashHit"or a.Name=="SwordSlash"then a:Destroy()end end)end end end)function two(a)pcall(function()game.Players.LocalPlayer.Character.Humanoid.Sit=false;game.Players.LocalPlayer.Character.HumanoidRootPart.Anchored=false end)if(game:GetService("Players")["LocalPlayer"].Character.HumanoidRootPart.Position-a.Position).Magnitude<=200 then pcall(function()tweenz:Cancel()end)game:GetService("Players")["LocalPlayer"].Character.HumanoidRootPart.CFrame=a else local b=game:service"TweenService"local c=TweenInfo.new((game:GetService("Players")["LocalPlayer"].Character.HumanoidRootPart.Position-a.Position).Magnitude/325,Enum.EasingStyle.Linear)tween,err=pcall(function()tweenz=b:Create(game.Players.LocalPlayer.Character["HumanoidRootPart"],c,{CFrame=a})tweenz:Play()end)if not tween then return err end end;function _TweenCanCle()tweenz:Cancel()end end;local a=Instance.new("Folder",workspace)a.Name="EnemySpawns"for a,a in pairs(workspace._WorldOrigin.EnemySpawns:GetChildren())do if a:IsA("Part")then local b=a:Clone()local a=string.gsub(a.Name,"Lv. ","")local a=string.gsub(a,"[%[%]]","")local a=string.gsub(a,"%d+","")local a=string.gsub(a,"%s+","")b.Name=a;b.Parent=workspace.EnemySpawns;b.Anchored=true end end;for a,a in pairs(game:GetService("Workspace").Enemies:GetChildren())do if a:IsA("Model")and a:FindFirstChild("HumanoidRootPart")then local b=a.HumanoidRootPart:Clone()local a=string.gsub(a.Name,"Lv. ","")local a=string.gsub(a,"[%[%]]","")local a=string.gsub(a,"%d+","")local a=string.gsub(a,"%s+","")b.Name=a;b.Parent=workspace.EnemySpawns;b.Anchored=true end end;for a,a in pairs(game.ReplicatedStorage:GetChildren())do if a:IsA("Model")and a:FindFirstChild("HumanoidRootPart")then local b=a.HumanoidRootPart:Clone()local a=string.gsub(a.Name,"Lv. ","")local a=string.gsub(a,"[%[%]]","")local a=string.gsub(a,"%d+","")local a=string.gsub(a,"%s+","")b.Name=a;b.Parent=workspace.EnemySpawns;b.Anchored=true end end;local a=game:GetService("UserInputService")local a=game:GetService("VirtualInputManager")local a=game:GetService("TweenService")local a=game:service"TweenService"local b=game:GetService("RunService")local b=game:GetService("Players").LocalPlayer;local c=b:GetMouse()local c=game:GetService("GuiService")function LoadSettings()if readfile and writefile and isfile and isfolder then if not isfolder("ZekromHubV2")then makefolder("ZekromHubV2")end;if not isfolder("ZekromHubV2/Blox Fruits/")then makefolder("ZekromHubV2/Blox Fruits/")end;if not isfile("ZekromHubV2/Blox Fruits/"..game.Players.LocalPlayer.Name..".json")then writefile("ZekromHubV2/Blox Fruits/"..game.Players.LocalPlayer.Name..".json",game:GetService("HttpService"):JSONEncode(_G.Settings))else local a=game:GetService("HttpService"):JSONDecode(readfile("ZekromHubV2/Blox Fruits/"..game.Players.LocalPlayer.Name..".json"))for a,b in pairs(a)do _G.Settings[a]=b end end else return end end;function SaveSettings()if readfile and writefile and isfile and isfolder then if not isfile("ZekromHubV2/Blox Fruits/"..game.Players.LocalPlayer.Name..".json")then LoadSettings()else local a=game:GetService("HttpService"):JSONDecode(readfile("ZekromHubV2/Blox Fruits/"..game.Players.LocalPlayer.Name..".json"))local a={}for b,c in pairs(_G.Settings)do a[b]=c end;writefile("ZekromHubV2/Blox Fruits/"..game.Players.LocalPlayer.Name..".json",game:GetService("HttpService"):JSONEncode(a))end else return end end;LoadSettings()function GetMaterial(a)for b,b in pairs(game:GetService("ReplicatedStorage").Remotes.CommF_:InvokeServer("getInventory"))do if type(b)=="table"then if b.Type=="Material"then if b.Name==a then return b.Count end end end end;return 0 end;local c;if World1 then c={"Magma Ore","Leather","Scrap Metal","Angel Wings","Fish Tail"}elseif World2 then c={"Magma Ore","Scrap Metal","Radioactive Material","Vampire Fang","Mystic Droplet"}elseif World3 then c={"Mini Tusk","Fish Tail","Scrap Metal","Dragon Scale","Conjured Cocoa","Demonic Wisp","Gunpowder"}end;table.sort(c)function AntiBan()for a,a in pairs(game:GetService("Players").LocalPlayer.Character:GetDescendants())do if a:IsA("LocalScript")then if a.Name=="General"or a.Name=="Shiftlock"or a.Name=="FallDamage"or a.Name=="4444"or a.Name=="CamBob"or a.Name=="JumpCD"or a.Name=="Looking"or a.Name=="Run"then a:Destroy()end end end;for a,a in pairs(game:GetService("Players").LocalPlayer.PlayerScripts:GetDescendants())do if a:IsA("LocalScript")then if a.Name=="RobloxMotor6DBugFix"or a.Name=="Clans"or a.Name=="Codes"or a.Name=="CustomForceField"or a.Name=="MenuBloodSp"or a.Name=="PlayerList"then a:Destroy()end end end end;AntiBan()local function c(a)for a,a in pairs(a)do if game:GetService("Workspace").Enemies:FindFirstChild(a)then return true end end;return false end;local function c(a)if World1 then if(a=="Magma Ore")then MaterialMob={"Military Soldier","Military Spy"}CFrameMon=CFrame.new(-5815,84,8820)elseif((a=="Leather")or(a=="Scrap Metal"))then MaterialMob={"Brute"}CFrameMon=CFrame.new(-1145,15,4350)elseif(a=="Angel Wings")then MaterialMob={"God's Guard"}CFrameMon=CFrame.new(-4698,845,-1912)elseif(a=="Fish Tail")then MaterialMob={"Fishman Warrior","Fishman Commando"}CFrameMon=CFrame.new(61123,19,1569)end end;if World2 then if(a=="Magma Ore")then MaterialMob={"Magma Ninja"}CFrameMon=CFrame.new(-5428,78,-5959)elseif(a=="Scrap Metal")then MaterialMob={"Swan Pirate"}CFrameMon=CFrame.new(878,122,1235)elseif(a=="Radioactive Material")then MaterialMob={"Factory Staff"}CFrameMon=CFrame.new(295,73,-56)elseif(a=="Vampire Fang")then MaterialMob={"Vampire"}CFrameMon=CFrame.new(-6033,7,-1317)elseif(a=="Mystic Droplet")then MaterialMob={"Water Fighter","Sea Soldier"}CFrameMon=CFrame.new(-3385,239,-10542)end end;if World3 then if(a=="Mini Tusk")then MaterialMob={"Mythological Pirate"}CFrameMon=CFrame.new(-13545,470,-6917)elseif(a=="Fish Tail")then MaterialMob={"Fishman Raider","Fishman Captain"}CFrameMon=CFrame.new(-10993,332,-8940)elseif(a=="Scrap Metal")then MaterialMob={"Jungle Pirate"}CFrameMon=CFrame.new(-12107,332,-10549)elseif(a=="Dragon Scale")then MaterialMob={"Dragon Crew Archer","Dragon Crew Warrior"}CFrameMon=CFrame.new(6594,383,139)elseif(a=="Conjured Cocoa")then MaterialMob={"Cocoa Warrior","Chocolate Bar Battler","Sweet Thief","Candy Rebel"}CFrameMon=CFrame.new(620.6344604492188,78.93644714355469,-12581.369140625)elseif(a=="Demonic Wisp")then MaterialMob={"Demonic Soul"}CFrameMon=CFrame.new(-9507,172,6158)elseif(a=="Gunpowder")then MaterialMob={"Pistol Billionaire"}CFrameMon=CFrame.new(-469,74,5904)end end end;loadstring(game:HttpGet("https://pastebin.com/raw/E5rrb3uZ"))()function CheckBossQuest()if _G.Settings.Select_Boss=="Saber Expert"then MsBoss="Saber Expert"NameBoss="Saber Expert"CFrameBoss=CFrame.new(-1458.89502,29.8870335,-50.633564,0.858821094,1.13848939e-08,0.512275636,-4.85649254e-09,1,-1.40823326e-08,-0.512275636,9.6063415e-09,0.858821094)elseif _G.Settings.Select_Boss=="The Saw"then MsBoss="The Saw"NameBoss="The Saw"CFrameBoss=CFrame.new(-683.519897,13.8534927,1610.87854,-0.290192783,6.88365773e-08,0.956968188,6.98413629e-08,1,-5.07531119e-08,-0.956968188,5.21077759e-08,-0.290192783)elseif _G.Settings.Select_Boss=="Greybeard"then MsBoss="Greybeard"NameBoss="Greybeard"CFrameBoss=CFrame.new(-4955.72949,80.8163834,4305.82666,-0.433646321,-1.03394289e-08,0.901083171,-3.0443168e-08,1,-3.17633075e-09,-0.901083171,-2.88092288e-08,-0.433646321)elseif _G.Settings.Select_Boss=="The Gorilla King"then MsBoss="The Gorilla King"NameBoss="The Gorilla King"NameQuestBoss="JungleQuest"LevelQuestBoss=3;CFrameQuestBoss=CFrame.new(-1604.12012,36.8521118,154.23732,0.0648873374,-4.70858913e-06,-0.997892559,1.41431883e-07,1,-4.70933674e-06,0.997892559,1.64442184e-07,0.0648873374)CFrameBoss=CFrame.new(-1223.52808,6.27936459,-502.292664,0.310949147,-5.66602516e-08,0.950426519,-3.37275488e-08,1,7.06501808e-08,-0.950426519,-5.40241736e-08,0.310949147)elseif _G.Settings.Select_Boss=="Bobby"then MsBoss="Bobby"NameBoss="Bobby"NameQuestBoss="BuggyQuest1"LevelQuestBoss=3;CFrameQuestBoss=CFrame.new(-1139.59717,4.75205183,3825.16211,-0.959730506,-7.5857054e-09,0.280922383,-4.06310328e-08,1,-1.11807175e-07,-0.280922383,-1.18718916e-07,-0.959730506)CFrameBoss=CFrame.new(-1147.65173,32.5966301,4156.02588,0.956680477,-1.77109952e-10,-0.29113996,5.16530874e-10,1,1.08897802e-09,0.29113996,-1.19218679e-09,0.956680477)elseif _G.Settings.Select_Boss=="Yeti"then MsBoss="Yeti"NameBoss="Yeti"NameQuestBoss="SnowQuest"LevelQuestBoss=3;CFrameQuestBoss=CFrame.new(1384.90247,87.3078308,-1296.6825,0.280209213,2.72035177e-08,-0.959938943,-6.75690828e-08,1,8.6151708e-09,0.959938943,6.24481444e-08,0.280209213)CFrameBoss=CFrame.new(1221.7356,138.046906,-1488.84082,0.349343032,-9.49245944e-08,0.936994851,6.29478194e-08,1,7.7838429e-08,-0.936994851,3.17894653e-08,0.349343032)elseif _G.Settings.Select_Boss=="Mob Leader"then MsBoss="Mob Leader"NameBoss="Mob Leader"CFrameBoss=CFrame.new(-2848.59399,7.4272871,5342.44043,-0.928248107,-8.7248246e-08,0.371961564,-7.61816636e-08,1,4.44474857e-08,-0.371961564,1.29216433e-08,-0.92824)elseif _G.Settings.Select_Boss=="Vice Admiral"then MsBoss="Vice Admiral"NameBoss="Vice Admiral"NameQuestBoss="MarineQuest2"LevelQuestBoss=2;CFrameQuestBoss=CFrame.new(-5035.42285,28.6520386,4324.50293,-0.0611100644,-8.08395768e-08,0.998130739,-1.57416586e-08,1,8.00271849e-08,-0.998130739,-1.08217701e-08,-0.0611100644)CFrameBoss=CFrame.new(-5078.45898,99.6520691,4402.1665,-0.555574954,-9.88630566e-11,0.831466436,-6.35508286e-08,1,-4.23449258e-08,-0.831466436,-7.63661632e-08,-0.555574954)elseif _G.Settings.Select_Boss=="Warden"then MsBoss="Warden"NameBoss="Warden"NameQuestBoss="ImpelQuest"LevelQuestBoss=1;CFrameQuestBoss=CFrame.new(4851.35059,5.68744135,743.251282,-0.538484037,-6.68303741e-08,-0.842635691,1.38001752e-08,1,-8.81300792e-08,0.842635691,-5.90851599e-08,-0.538484037)CFrameBoss=CFrame.new(5232.5625,5.26856995,747.506897,0.943829298,-4.5439414e-08,0.330433697,3.47818627e-08,1,3.81658154e-08,-0.330433697,-2.45289105e-08,0.943829298)elseif _G.Settings.Select_Boss=="Chief Warden"then MsBoss="Chief Warden"NameBoss="Chief Warden"NameQuestBoss="ImpelQuest"LevelQuestBoss=2;CFrameQuestBoss=CFrame.new(4851.35059,5.68744135,743.251282,-0.538484037,-6.68303741e-08,-0.842635691,1.38001752e-08,1,-8.81300792e-08,0.842635691,-5.90851599e-08,-0.538484037)CFrameBoss=CFrame.new(5232.5625,5.26856995,747.506897,0.943829298,-4.5439414e-08,0.330433697,3.47818627e-08,1,3.81658154e-08,-0.330433697,-2.45289105e-08,0.943829298)elseif _G.Settings.Select_Boss=="Swan"then MsBoss="Swan"NameBoss="Swan"NameQuestBoss="ImpelQuest"LevelQuestBoss=3;CFrameQuestBoss=CFrame.new(4851.35059,5.68744135,743.251282,-0.538484037,-6.68303741e-08,-0.842635691,1.38001752e-08,1,-8.81300792e-08,0.842635691,-5.90851599e-08,-0.538484037)CFrameBoss=CFrame.new(5232.5625,5.26856995,747.506897,0.943829298,-4.5439414e-08,0.330433697,3.47818627e-08,1,3.81658154e-08,-0.330433697,-2.45289105e-08,0.943829298)elseif _G.Settings.Select_Boss=="Magma Admiral"then MsBoss="Magma Admiral"NameBoss="Magma Admiral"NameQuestBoss="MagmaQuest"LevelQuestBoss=3;CFrameQuestBoss=CFrame.new(-5317.07666,12.2721891,8517.41699,0.51175487,-2.65508806e-08,-0.859131515,-3.91131572e-08,1,-5.42026761e-08,0.859131515,6.13418294e-08,0.51175487)CFrameBoss=CFrame.new(-5530.12646,22.8769703,8859.91309,0.857838571,2.23414389e-08,0.513919294,1.53689133e-08,1,-6.91265853e-08,-0.513919294,6.71978384e-08,0.857838571)elseif _G.Settings.Select_Boss=="Fishman Lord"then MsBoss="Fishman Lord"NameBoss="Fishman Lord"NameQuestBoss="FishmanQuest"LevelQuestBoss=3;CFrameQuestBoss=CFrame.new(61123.0859,18.5066795,1570.18018,0.927145958,1.0624845e-07,0.374700129,-6.98219367e-08,1,-1.10790765e-07,-0.374700129,7.65569368e-08,0.927145958)CFrameBoss=CFrame.new(61351.7773,31.0306778,1113.31409,0.999974668,0,-0.00714713801,0,1.00000012,0,0.00714714266,0,0.999974549)elseif _G.Settings.Select_Boss=="Wysper"then MsBoss="Wysper"NameBoss="Wysper"NameQuestBoss="SkyExp1Quest"LevelQuestBoss=3;CFrameQuestBoss=CFrame.new(-7862.94629,5545.52832,-379.833954,0.462944925,1.45838088e-08,-0.886386991,1.0534996e-08,1,2.19553424e-08,0.886386991,-1.95022007e-08,0.462944925)CFrameBoss=CFrame.new(-7925.48389,5550.76074,-636.178345,0.716468513,-1.22915289e-09,0.697619379,3.37381434e-09,1,-1.70304748e-09,-0.697619379,3.57381835e-09,0.716468513)elseif _G.Settings.Select_Boss=="Thunder God"then MsBoss="Thunder God"NameBoss="Thunder God"NameQuestBoss="SkyExp2Quest"LevelQuestBoss=3;CFrameQuestBoss=CFrame.new(-7902.78613,5635.99902,-1411.98706,-0.0361216255,-1.16895912e-07,0.999347389,1.44533963e-09,1,1.17024491e-07,-0.999347389,5.6715117e-09,-0.0361216255)CFrameBoss=CFrame.new(-7917.53613,5616.61377,-2277.78564,0.965189934,4.80563429e-08,-0.261550069,-6.73089886e-08,1,-6.46515304e-08,0.261550069,8.00056768e-08,0.965189934)elseif _G.Settings.Select_Boss=="Cyborg"then MsBoss="Cyborg"NameBoss="Cyborg"NameQuestBoss="FountainQuest"LevelQuestBoss=3;CFrameQuestBoss=CFrame.new(5253.54834,38.5361786,4050.45166,-0.0112687312,-9.93677887e-08,-0.999936521,2.55291371e-10,1,-9.93769547e-08,0.999936521,-1.37512213e-09,-0.0112687312)CFrameBoss=CFrame.new(6041.82813,52.7112198,3907.45142,-0.563162148,1.73805248e-09,-0.826346457,-5.94632716e-08,1,4.26280238e-08,0.826346457,7.31437524e-08,-0.563162148)elseif _G.Settings.Select_Boss=="Diamond"then MsBoss="Diamond"NameBoss="Diamond"NameQuestBoss="Area1Quest"LevelQuestBoss=3;CFrameQuestBoss=CFrame.new(-424.080078,73.0055847,1836.91589,0.253544956,-1.42165932e-08,0.967323601,-6.00147771e-08,1,3.04272909e-08,-0.967323601,-6.5768397e-08,0.253544956)CFrameBoss=CFrame.new(-1736.26587,198.627731,-236.412857,-0.997808516,0,-0.0661673471,0,1,0,0.0661673471,0,-0.997808516)elseif _G.Settings.Select_Boss=="Jeremy"then MsBoss="Jeremy"NameBoss="Jeremy"NameQuestBoss="Area2Quest"LevelQuestBoss=3;CFrameQuestBoss=CFrame.new(632.698608,73.1055908,918.666321,-0.0319722369,8.96074881e-10,-0.999488771,1.36326533e-10,1,8.92172336e-10,0.999488771,-1.07732087e-10,-0.0319722369)CFrameBoss=CFrame.new(2203.76953,448.966034,752.731079,-0.0217453763,0,-0.999763548,0,1,0,0.999763548,0,-0.0217453763)elseif _G.Settings.Select_Boss=="Fajita"then MsBoss="Fajita"NameBoss="Fajita"NameQuestBoss="MarineQuest3"LevelQuestBoss=3;CFrameQuestBoss=CFrame.new(-2442.65015,73.0511475,-3219.11523,-0.873540044,4.2329841e-08,-0.486752301,5.64383384e-08,1,-1.43220786e-08,0.486752301,-3.99823996e-08,-0.873540044)CFrameBoss=CFrame.new(-2297.40332,115.449463,-3946.53833,0.961227536,-1.46645796e-09,-0.275756449,-2.3212845e-09,1,-1.34094433e-08,0.275756449,1.35296352e-08,0.961227536)elseif _G.Settings.Select_Boss=="Don Swan"then MsBoss="Don Swan"NameBoss="Don Swan"CFrameBoss=CFrame.new(2288.802,15.1870775,863.034607,0.99974072,-8.41247214e-08,-0.0227668174,8.4774733e-08,1,2.75850098e-08,0.0227668174,-2.95079072e-08,0.99974072)elseif _G.Settings.Select_Boss=="Smoke Admiral"then MsBoss="Smoke Admiral"NameBoss="Smoke Admiral"NameQuestBoss="IceSideQuest"LevelQuestBoss=3;CFrameQuestBoss=CFrame.new(-6059.96191,15.9868021,-4904.7373,-0.444992423,-3.0874483e-09,0.895534337,-3.64098796e-08,1,-1.4644522e-08,-0.895534337,-3.91229982e-08,-0.444992423)CFrameBoss=CFrame.new(-5115.72754,23.7664986,-5338.2207,0.251453817,1.48345061e-08,-0.967869282,4.02796978e-08,1,2.57916977e-08,0.967869282,-4.54708946e-08,0.251453817)elseif _G.Settings.Select_Boss=="Cursed Captain"then MsBoss="Cursed Captain"NameBoss="Cursed Captain"CFrameBoss=CFrame.new(916.928589,181.092773,33422,-0.999505103,9.26310495e-09,0.0314563364,8.42916226e-09,1,-2.6643713e-08,-0.0314563364,-2.63653774e-08,-0.999505103)elseif _G.Settings.Select_Boss=="Darkbeard"then MsBoss="Darkbeard"NameBoss="Darkbeard"CFrameBoss=CFrame.new(3876.00366,24.6882591,-3820.21777,-0.976951957,4.97356325e-08,0.213458836,4.57335361e-08,1,-2.36868622e-08,-0.213458836,-1.33787044e-08,-0.976951957)elseif _G.Settings.Select_Boss=="Order"then MsBoss="Order"NameBoss="Order"CFrameBoss=CFrame.new(-6221.15039,16.2351036,-5045.23584,-0.380726993,7.41463495e-08,0.924687505,5.85604774e-08,1,-5.60738549e-08,-0.924687505,3.28013137e-08,-0.380726993)elseif _G.Settings.Select_Boss=="Awakened Ice Admiral"then MsBoss="Awakened Ice Admiral"NameBoss="Awakened Ice Admiral"NameQuestBoss="FrostQuest"LevelQuestBoss=3;CFrameQuestBoss=CFrame.new(5669.33203,28.2118053,-6481.55908,0.921275556,-1.25320829e-08,0.388910472,4.72230788e-08,1,-7.96414241e-08,-0.388910472,9.17372489e-08,0.921275556)CFrameBoss=CFrame.new(6407.33936,340.223785,-6892.521,0.49051559,-5.25310213e-08,-0.871432424,-2.76146022e-08,1,-7.58250565e-08,0.871432424,6.12576301e-08,0.49051559)elseif _G.Settings.Select_Boss=="Tide Keeper"then MsBoss="Tide Keeper"NameBoss="Tide Keeper"NameQuestBoss="ForgottenQuest"LevelQuestBoss=3;CFrameQuestBoss=CFrame.new(-3053.89648,236.881363,-10148.2324,-0.985987961,-3.58504737e-09,0.16681771,-3.07832915e-09,1,3.29612559e-09,-0.16681771,2.73641976e-09,-0.985987961)CFrameBoss=CFrame.new(-3570.18652,123.328949,-11555.9072,0.465199202,-1.3857326e-08,0.885206044,4.0332897e-09,1,1.35347511e-08,-0.885206044,-2.72606271e-09,0.465199202)elseif _G.Settings.Select_Boss=="Stone"then MsBoss="Stone"NameBoss="Stone"NameQuestBoss="PiratePortQuest"LevelQuestBoss=3;CFrameQuestBoss=CFrame.new(-290,44,5577)CFrameBoss=CFrame.new(-1085,40,6779)elseif _G.Settings.Select_Boss=="Island Empress"then MsBoss="Island Empress"NameBoss="Island Empress"NameQuestBoss="AmazonQuest2"LevelQuestBoss=3;CFrameQuestBoss=CFrame.new(5443,602,752)CFrameBoss=CFrame.new(5659,602,244)elseif _G.Settings.Select_Boss=="Kilo Admiral"then MsBoss="Kilo Admiral"NameBoss="Kilo Admiral"NameQuestBoss="MarineTreeIsland"LevelQuestBoss=3;CFrameQuestBoss=CFrame.new(2178,29,-6737)CFrameBoss=CFrame.new(2846,433,-7100)elseif _G.Settings.Select_Boss=="Captain Elephant"then MsBoss="Captain Elephant"NameBoss="Captain Elephant"NameQuestBoss="DeepForestIsland"LevelQuestBoss=3;CFrameQuestBoss=CFrame.new(-13232,333,-7631)CFrameBoss=CFrame.new(-13221,325,-8405)elseif _G.Settings.Select_Boss=="Beautiful Pirate"then MsBoss="Beautiful Pirate"NameBoss="Beautiful Pirate"NameQuestBoss="DeepForestIsland2"LevelQuestBoss=3;CFrameQuestBoss=CFrame.new(-12686,391,-9902)CFrameBoss=CFrame.new(5182,23,-20)elseif _G.Settings.Select_Boss=="Cake Queen"then MsBoss="Cake Queen"NameBoss="Cake Queen"NameQuestBoss="IceCreamIslandQuest"LevelQuestBoss=3;CFrameQuestBoss=CFrame.new(-716,382,-11010)CFrameBoss=CFrame.new(-821,66,-10965)elseif _G.Settings.Select_Boss=="rip_indra True Form"then MsBoss="rip_indra True Form"NameBoss="rip_indra True Form"CFrameBoss=CFrame.new(-5359,424,-2735)elseif _G.Settings.Select_Boss=="Longma"then MsBoss="Longma"NameBoss="Longma"CFrameBoss=CFrame.new(-10248.3936,353.79129,-9306.34473)elseif _G.Settings.Select_Boss=="Soul Reaper"then MsBoss="Soul Reaper"NameBoss="Soul Reaper"CFrameBoss=CFrame.new(-9515.62109,315.925537,6691.12012)end end;function AutoHaki()if not game:GetService("Players").LocalPlayer.Character:FindFirstChild("HasBuso")then game:GetService("ReplicatedStorage").Remotes.CommF_:InvokeServer("Buso")end end;function ClickCamera()game:GetService("VirtualUser"):CaptureController()game:GetService("VirtualUser"):ClickButton1(Vector2.new(851,158),game:GetService("Workspace").Camera.CFrame)end;function Click()game:GetService('VirtualUser'):CaptureController()game:GetService('VirtualUser'):Button1Down(Vector2.new(851,158))end;function EquipWeapon(a)if not _G.NotAutoEquip then if game.Players.LocalPlayer.Backpack:FindFirstChild(a)then Tool=game.Players.LocalPlayer.Backpack:FindFirstChild(a)wait(.1)game.Players.LocalPlayer.Character.Humanoid:EquipTool(Tool)end end end;function UnEquipWeapon(a)if game.Players.LocalPlayer.Character:FindFirstChild(a)then _G.NotAutoEquip=true;wait(.5)game.Players.LocalPlayer.Character:FindFirstChild(a).Parent=game.Players.LocalPlayer.Backpack;wait(.1)_G.NotAutoEquip=false end end;function Com(a,...)local a=game:GetService('ReplicatedStorage').Remotes:FindFirstChild("Comm"..a)if a:IsA("RemoteEvent")then a:FireServer(...)elseif a:IsA("RemoteFunction")then a:InvokeServer(...)end end;local function c(...)local a={...}local b=a[1]local c;if type(b)=="vector"then c=b elseif type(b)=="userdata"then c=b.Position elseif type(b)=="number"then c=CFrame.new(unpack(a))c=c.p end;local a;local b=math.huge;if game.Players.LocalPlayer.Team then for d,d in pairs(game.Workspace._WorldOrigin.PlayerSpawns:FindFirstChild(tostring(game.Players.LocalPlayer.Team)):GetChildren())do local c=(c-d:GetModelCFrame().p).Magnitude;if c<b then b=c;a=d.Name end end;if a then return a end end end;SPEED=20;SMOOTHNESS=0.1;local function d(a)local b=(a-game.Players.LocalPlayer.Character.Humanoid.RootPart.Position).Magnitude;local b=b/SPEED;for b=0,1,SMOOTHNESS do game.Players.LocalPlayer.Character.Humanoid.RootPart.CFrame=CFrame.new(game.Players.LocalPlayer.Character.Humanoid.RootPart.Position:lerp(a,b))wait(SMOOTHNESS)end;game.Players.LocalPlayer.Character.Humanoid.RootPart.CFrame=CFrame.new(a)end;local function d(...)local b={...}local d=b[1]local e;if type(d)=="vector"then e=CFrame.new(d)elseif type(d)=="userdata"then e=d elseif type(d)=="number"then e=CFrame.new(unpack(b))end;if game.Players.LocalPlayer.Character:WaitForChild("Humanoid").Health==0 then if a then a:Cancel()end;repeat wait()until game.Players.LocalPlayer.Character:WaitForChild("Humanoid").Health>0;wait(0.2)end;local b={}local d=(e.Position-game:GetService("Players").LocalPlayer.Character:WaitForChild("HumanoidRootPart").Position).Magnitude;if d<50 then Speed=650 elseif d<250 then Speed=590 elseif d<500 then Speed=500 elseif d<750 then Speed=400 elseif d>=1000 then Speed=350 end;if _G.BypassTP then if d>3000 and not AutoFarmMaterial and not _G.AutoGodHumanand and not _G.AutoRaids and not(game.Players.LocalPlayer.Backpack:FindFirstChild("Special Microchip")or game.Players.LocalPlayer.Character:FindFirstChild("Special Microchip")or game.Players.LocalPlayer.Backpack:FindFirstChild("God's Chalice")or game.Players.LocalPlayer.Character:FindFirstChild("God's Chalice")or game.Players.LocalPlayer.Backpack:FindFirstChild("Hallow Essence")or game.Players.LocalPlayer.Character:FindFirstChild("Hallow Essence")or game.Players.LocalPlayer.Character:FindFirstChild("Sweet Chalice")or game.Players.LocalPlayer.Backpack:FindFirstChild("Sweet Chalice"))and not(Name=="Fishman Commando"or Name=="Fishman Warrior")then repeat wait()game:GetService("ReplicatedStorage").Remotes.CommF_:InvokeServer("requestEntrance",Vector3.new(-5076.60107,314.54129,-3152.13086,0.351963997,-4.56893581e-08,-0.93601352,6.84364423e-08,1,-2.30789325e-08,0.93601352,-5.59344855e-08,0.351963997))until(CFrame.new(-5076.60107,314.54129,-3152.13086,0.351963997,-4.56893581e-08,-0.93601352,6.84364423e-08,1,-2.30789325e-08,0.93601352,-5.59344855e-08,0.351963997).Position-game:GetService("Players").LocalPlayer.Character.HumanoidRootPart.Position).Magnitude<=3;pcall(function()a:Cancel()fkwarp=false;if game:GetService("Players")["LocalPlayer"].Data:FindFirstChild("SpawnPoint").Value==tostring(c(e))then wait(.1)Com("F_","TeleportToSpawn")elseif game:GetService("Players")["LocalPlayer"].Data:FindFirstChild("LastSpawnPoint").Value==tostring(c(e))then game:GetService("Players").LocalPlayer.Character:WaitForChild("Humanoid"):ChangeState(15)wait(0.1)repeat wait()until game:GetService("Players").LocalPlayer.Character:WaitForChild("Humanoid").Health>0 else if game:GetService("Players").LocalPlayer.Character:WaitForChild("Humanoid").Health>0 then if fkwarp==false then game.Players.LocalPlayer.Character.HumanoidRootPart.CFrame=e end;fkwarp=true end;wait(.08)game:GetService("Players").LocalPlayer.Character:WaitForChild("Humanoid"):ChangeState(15)repeat wait()until game:GetService("Players").LocalPlayer.Character:WaitForChild("Humanoid").Health>0;wait(.1)Com("F_","SetSpawnPoint")end;wait(0.2)return end)end end;local c=game:service"TweenService"local d=TweenInfo.new((e.Position-game:GetService("Players").LocalPlayer.Character:WaitForChild("HumanoidRootPart").Position).Magnitude/Speed,Enum.EasingStyle.Linear)local c,c=pcall(function()if not game.Players.LocalPlayer.Character:FindFirstChild("Highlight")then local a=Instance.new("Highlight")a.FillColor=Color3.new(0,0,0)a.OutlineColor=Color3.new(0,0,0)a.Parent=game.Players.LocalPlayer.Character end;a=c:Create(game.Players.LocalPlayer.Character["HumanoidRootPart"],d,{CFrame=e})a:Play()end)function b:Stop()a:Cancel()end;function b:Wait()a.Completed:Wait()end;return b end;TweeSpeed=300;getgenv().ToTarget=function(a)TweenPlay=(a.Position-game.Players.LocalPlayer.Character.HumanoidRootPart.Position).Magnitude;if b.Character.Humanoid.Sit==true then b.Character.Humanoid.Sit=false end;pcall(function()tot=game:GetService("TweenService"):Create(b.Character.HumanoidRootPart,TweenInfo.new(TweenPlay/TweeSpeed,Enum.EasingStyle.Linear),{CFrame=a})end)if _G.StopTween==true then tot:Cancel()_G.Clip=false end;if TweenPlay>2000 and _G.Bypass_TP then repeat wait()game:GetService("ReplicatedStorage").Remotes.CommF_:InvokeServer("requestEntrance",Vector3.new(-5076.60107,314.54129,-3152.13086,0.351963997,-4.56893581e-08,-0.93601352,6.84364423e-08,1,-2.30789325e-08,0.93601352,-5.59344855e-08,0.351963997))until(CFrame.new(-5076.60107,314.54129,-3152.13086,0.351963997,-4.56893581e-08,-0.93601352,6.84364423e-08,1,-2.30789325e-08,0.93601352,-5.59344855e-08,0.351963997).Position-game:GetService("Players").LocalPlayer.Character.HumanoidRootPart.Position).Magnitude<=3;pcall(function()pcall(function()tot:Cancel()fkwarp=false;if game:GetService("Players")["LocalPlayer"].Data:FindFirstChild("SpawnPoint").Value==tostring(c(a))then wait(.1)game:GetService("ReplicatedStorage").Remotes.CommF_:InvokeServer("TeleportToSpawn")elseif game:GetService("Players")["LocalPlayer"].Data:FindFirstChild("LastSpawnPoint").Value==tostring(c(a))then game:GetService("Players").LocalPlayer.Character:WaitForChild("Humanoid"):ChangeState(15)wait(0.1)repeat wait()until game:GetService("Players").LocalPlayer.Character:WaitForChild("Humanoid").Health>0 else if game:GetService("Players").LocalPlayer.Character:WaitForChild("Humanoid").Health>0 then if fkwarp==false then game.Players.LocalPlayer.Character.HumanoidRootPart.CFrame=a end;fkwarp=true end;wait(.08)game:GetService("Players").LocalPlayer.Character:WaitForChild("Humanoid"):ChangeState(15)repeat wait()until game:GetService("Players").LocalPlayer.Character:WaitForChild("Humanoid").Health>0;wait(.1)game:GetService("ReplicatedStorage").Remotes.CommF_:InvokeServer("SetSpawnPoint")end;wait(0.2)return end)end)end;tot:Play()if not game.Players.LocalPlayer.Character:FindFirstChild("Highlight")then local a=Instance.new("Highlight")a.FillColor=Color3.new(0,0,0)a.OutlineColor=Color3.new(0,0,0)a.Parent=game.Players.LocalPlayer.Character end;if TweenPlay<50 then TweeSpeed=650 elseif TweenPlay<250 then TweeSpeed=590 elseif TweenPlay<500 then TweeSpeed=500 elseif TweenPlay<750 then TweeSpeed=400 elseif TweenPlay>=1000 then TweeSpeed=350 end;if _G.StopTween then tot:Cancel()BringMobFarm=false;UseSkillGun=false;_G.UseSkill=false elseif game.Players.LocalPlayer.Character.Humanoid.Health>0 then tot:Play()end end;local function a(a,b)local c=a:FindFirstChild("Owner")if c and c:IsA("ObjectValue")and c.Value then local c=c.Value.Name;if c==game.Players.LocalPlayer.Name then for a,a in pairs(a:GetDescendants())do if a:IsA("BasePart")then local c=game:GetService("TweenService")local d=TweenInfo.new((a.Position-b.Position).Magnitude/200,Enum.EasingStyle.Linear)local a=c:Create(a,d,{CFrame=b})a:Play()if _G.stpboat then a:Cancel()end;function StopBoatF()a:Cancel()end end end end end end;local function a(...)local a={...}local b=a[1]local c;if type(b)=="vector"then c=b elseif type(b)=="userdata"then c=b.Position elseif type(b)=="number"then c=CFrame.new(unpack(a))c=c.p end;local a;local b=math.huge;if game.Players.LocalPlayer.Team then for d,d in pairs(game.Workspace._WorldOrigin.PlayerSpawns:FindFirstChild(tostring(game.Players.LocalPlayer.Team)):GetChildren())do local c=(c-d:GetModelCFrame().p).Magnitude;if c<b then b=c;a=d.Name end end;if a then return a end end end;function StopTween(a)if not a then tot:Cancel()_G.StopTween=true;_G.UseSkill=false;if game:GetService("Players").LocalPlayer.Character.HumanoidRootPart:FindFirstChild("BodyClip")then game:GetService("Players").LocalPlayer.Character.HumanoidRootPart:FindFirstChild("BodyClip"):Destroy()end;wait(0.2)_G.StopTween=false;_G.Clip=false end;if game.Players.LocalPlayer.Character:FindFirstChild('Highlight')then game.Players.LocalPlayer.Character:FindFirstChild('Highlight'):Destroy()end end;function Hop()local a=game.PlaceId;local b={}local c=""local d=os.date("!*t").hour;local e=false;function TPReturner()local e;if c==""then e=game.HttpService:JSONDecode(game:HttpGet('https://games.roblox.com/v1/games/'..a..'/servers/Public?sortOrder=Asc&limit=100'))else e=game.HttpService:JSONDecode(game:HttpGet('https://games.roblox.com/v1/games/'..a..'/servers/Public?sortOrder=Asc&limit=100&cursor='..c))end;local f=""if e.nextPageCursor and e.nextPageCursor~="null"and e.nextPageCursor~=nil then c=e.nextPageCursor end;local c=0;for e,e in pairs(e.data)do local g=true;f=tostring(e.id)if tonumber(e.maxPlayers)>tonumber(e.playing)then for a,a in pairs(b)do if c~=0 then if f==tostring(a)then g=false end else if tonumber(d)~=tonumber(a)then local a=pcall(function()b={}table.insert(b,d)end)end end;c=c+1 end;if g==true then table.insert(b,f)wait()pcall(function()wait()game:GetService("TeleportService"):TeleportToPlaceInstance(a,f,game.Players.LocalPlayer)end)wait(4)end end end end;function Teleport()while wait()do pcall(function()TPReturner()if c~=""then TPReturner()end end)end end;Teleport()end;function SkyJumpNoCoolDown()if _G.Infinit_SkyJump then for a,a in next,getgc()do if game.Players.LocalPlayer.Character.Geppo then if typeof(a)=="function"and getfenv(a).script==game.Players.LocalPlayer.Character.Geppo then for b,c in next,getupvalues(a)do if tostring(c)=="0"then repeat wait(.1)setupvalue(a,b,0)until not _G.Infinit_SkyJump end end end end end end end;function InfAbility()if _G.Infinit_Ability then if not game.Players.LocalPlayer.Character.HumanoidRootPart:FindFirstChild("Agility")then local a=Instance.new("ParticleEmitter")a.Acceleration=Vector3.new(0,0,0)a.Archivable=true;a.Drag=20;a.EmissionDirection=Enum.NormalId.Top;a.Enabled=true;a.Lifetime=NumberRange.new(0.2,0.2)a.LightInfluence=0;a.LockedToPart=true;a.Name="Agility"a.Rate=500;a.Size=NumberSequence.new(0.50,0.20)a.RotSpeed=NumberRange.new(999,9999)a.Rotation=NumberRange.new(0,0)a.Speed=NumberRange.new(35,35)a.SpreadAngle=Vector2.new(360,360)a.Texture="rbxassetid://14300572370"a.VelocityInheritance=0;a.ZOffset=2;a.Transparency=NumberSequence.new(0)a.Color=ColorSequence.new(Color3.fromRGB(128,0,255),Color3.fromRGB(128,0,255))a.Parent=game:GetService("Players").LocalPlayer.Character.HumanoidRootPart end else if game.Players.LocalPlayer.Character.HumanoidRootPart:FindFirstChild("Agility")then game.Players.LocalPlayer.Character.HumanoidRootPart:FindFirstChild("Agility"):Destroy()end end end;_G.Dodge_No_CoolDown=false;function DodgeNoCoolDown()if _G.Dodge_No_CoolDown then for a,a in next,getgc()do if game.Players.LocalPlayer.Character.Dodge then if typeof(a)=="function"and getfenv(a).script==game.Players.LocalPlayer.Character.Dodge then for b,c in next,getupvalues(a)do if tostring(c)=="0.4"then repeat wait(.1)setupvalue(a,b,0)until not _G.Dodge_No_CoolDown end end end end end end end;local a=game:GetService'Players'.LocalPlayer;local b=a.Character.Energy.Value;function InfinitEnergy()game:GetService'Players'.LocalPlayer.Character.Energy.Changed:connect(function()if _G.Infinit_Energy then a.Character.Energy.Value=b end end)end;function RemoveSpaces(a)return a:gsub(" Fruit","")end;local function a(a)local a,b,c=tostring(a):match("(%-?%d?)(%d*)(%.?.*)")return a..b:reverse():gsub("(%d%d%d)","%1,"):reverse()..c end;local a=game:GetService("VirtualUser")game:GetService("Players").LocalPlayer.Idled:connect(function()a:Button2Down(Vector2.new(0,0),workspace.CurrentCamera.CFrame)wait(1)a:Button2Up(Vector2.new(0,0),workspace.CurrentCamera.CFrame)end)function isnil(a)return(a==nil)end;local function a(a)return math.floor(tonumber(a)+0.5)end;Number=math.random(1,1000000)task.spawn(function()while task.wait()do for b,b in pairs(game:GetService'Players':GetChildren())do pcall(function()if not isnil(b.Character)then if ESPPlayer then if not isnil(b.Character.Head)and not b.Character.Head:FindFirstChild('NameEsp'..Number)then local c=Instance.new('BillboardGui',b.Character.Head)c.Name='NameEsp'..Number;c.ExtentsOffset=Vector3.new(0,1,0)c.Size=UDim2.new(1,200,1,30)c.Adornee=b.Character.Head;c.AlwaysOnTop=true;local c=Instance.new('TextLabel',c)c.Font="Code"c.FontSize="Size14"c.TextWrapped=true;c.Text=(b.Name..' \n'..a((game:GetService('Players').LocalPlayer.Character.Head.Position-b.Character.Head.Position).Magnitude/3)..' M')c.Size=UDim2.new(1,0,1,0)c.TextYAlignment='Top'c.BackgroundTransparency=1;c.TextStrokeTransparency=0.5;if b.Team==game.Players.LocalPlayer.Team then c.TextColor3=Color3.new(255,0,0)else c.TextColor3=Color3.new(0,0,255)end else b.Character.Head['NameEsp'..Number].TextLabel.Text=(b.Name..' | '..a((game:GetService('Players').LocalPlayer.Character.Head.Position-b.Character.Head.Position).Magnitude/3)..' M\nHealth : '..a(b.Character.Humanoid.Health*100/b.Character.Humanoid.MaxHealth)..'%')end else if b.Character.Head:FindFirstChild('NameEsp'..Number)then b.Character.Head:FindFirstChild('NameEsp'..Number):Destroy()end end end end)end end end)task.spawn(function()while task.wait()do for b,b in pairs(game:GetService("Workspace").SeaBeasts:GetChildren())do pcall(function()if SeaBeastsESP then if b.Name~="SeaBeast"then if not b:FindFirstChild('NameEsp')then local a=Instance.new('BillboardGui',b)a.Name='NameEsp'a.ExtentsOffset=Vector3.new(0,1,0)a.Size=UDim2.new(1,200,1,30)a.Adornee=b;a.AlwaysOnTop=true;local a=Instance.new('TextLabel',a)a.Font="Code"a.FontSize="Size14"a.TextWrapped=true;a.Size=UDim2.new(1,0,1,0)a.TextYAlignment='Top'a.BackgroundTransparency=1;a.TextStrokeTransparency=0.5;a.TextColor3=Color3.fromRGB(80,245,245)else b['NameEsp'].TextLabel.Text=(b.Name..'   \n'..a((game:GetService('Players').LocalPlayer.Character.Head.Position-b.Position).Magnitude/3)..' M')end end else if b:FindFirstChild('NameEsp')then b:FindFirstChild('NameEsp'):Destroy()end end end)end end end)task.spawn(function()while task.wait()do for b,b in pairs(game:GetService("Workspace")["_WorldOrigin"].Locations:GetChildren())do pcall(function()if IslandESP then if b.Name~="Sea"then if not b:FindFirstChild('NameEsp')then local a=Instance.new('BillboardGui',b)a.Name='NameEsp'a.ExtentsOffset=Vector3.new(0,1,0)a.Size=UDim2.new(1,200,1,30)a.Adornee=b;a.AlwaysOnTop=true;local a=Instance.new('TextLabel',a)a.Font="Code"a.FontSize="Size14"a.TextWrapped=true;a.Size=UDim2.new(1,0,1,0)a.TextYAlignment='Top'a.BackgroundTransparency=1;a.TextStrokeTransparency=0.5;a.TextColor3=Color3.fromRGB(67,186,28)else b['NameEsp'].TextLabel.Text=(b.Name..'   \n'..a((game:GetService('Players').LocalPlayer.Character.Head.Position-b.Position).Magnitude/3)..' M')end end else if b:FindFirstChild('NameEsp')then b:FindFirstChild('NameEsp'):Destroy()end end end)end end end)task.spawn(function()while task.wait()do for b,b in pairs(game:GetService("Workspace"):GetChildren())do pcall(function()if string.find(b.Name,"Chest")then if ChestESP then if string.find(b.Name,"Chest")then if not b:FindFirstChild('NameEsp'..Number)then local c=Instance.new('BillboardGui',b)c.Name='NameEsp'..Number;c.ExtentsOffset=Vector3.new(0,1,0)c.Size=UDim2.new(1,200,1,30)c.Adornee=b;c.AlwaysOnTop=true;local c=Instance.new('TextLabel',c)c.Font="Code"c.FontSize="Size14"c.TextWrapped=true;c.Size=UDim2.new(1,0,1,0)c.TextYAlignment='Top'c.BackgroundTransparency=1;c.TextStrokeTransparency=0.5;c.TextColor3=Color3.fromRGB(186,186,28)if b.Name=="Chest1"then c.Text=("Chest 1"..' \n'..a((game:GetService('Players').LocalPlayer.Character.Head.Position-b.Position).Magnitude/3)..' M')end;if b.Name=="Chest2"then c.Text=("Chest 2"..' \n'..a((game:GetService('Players').LocalPlayer.Character.Head.Position-b.Position).Magnitude/3)..' M')end;if b.Name=="Chest3"then c.Text=("Chest 3"..' \n'..a((game:GetService('Players').LocalPlayer.Character.Head.Position-b.Position).Magnitude/3)..' M')end else b['NameEsp'..Number].TextLabel.Text=(b.Name..'   \n'..a((game:GetService('Players').LocalPlayer.Character.Head.Position-b.Position).Magnitude/3)..' M')end end else if b:FindFirstChild('NameEsp'..Number)then b:FindFirstChild('NameEsp'..Number):Destroy()end end end end)end end end)task.spawn(function()while task.wait()do for b,b in pairs(game:GetService("Workspace"):GetChildren())do pcall(function()if DevilFruitESP then if string.find(b.Name,"Fruit")then if not b.Handle:FindFirstChild('NameEsp'..Number)then local c=Instance.new('BillboardGui',b.Handle)c.Name='NameEsp'..Number;c.ExtentsOffset=Vector3.new(0,1,0)c.Size=UDim2.new(1,200,1,30)c.Adornee=b.Handle;c.AlwaysOnTop=true;local c=Instance.new('TextLabel',c)c.Font="Code"c.FontSize="Size14"c.TextWrapped=true;c.Size=UDim2.new(1,0,1,0)c.TextYAlignment='Top'c.BackgroundTransparency=1;c.TextStrokeTransparency=0.5;c.TextColor3=Color3.fromRGB(255,255,255)c.Text=(b.Name..' \n'..a((game:GetService('Players').LocalPlayer.Character.Head.Position-b.Handle.Position).Magnitude/3)..' M')else b.Handle['NameEsp'..Number].TextLabel.Text=(b.Name..'   \n'..a((game:GetService('Players').LocalPlayer.Character.Head.Position-b.Handle.Position).Magnitude/3)..' M')end end else if b.Handle:FindFirstChild('NameEsp'..Number)then b.Handle:FindFirstChild('NameEsp'..Number):Destroy()end end end)end end end)task.spawn(function()while task.wait()do for b,b in pairs(game:GetService("Workspace"):GetChildren())do pcall(function()if b.Name=="Flower2"or b.Name=="Flower1"then if FlowerESP then if not b:FindFirstChild('NameEsp'..Number)then local c=Instance.new('BillboardGui',b)c.Name='NameEsp'..Number;c.ExtentsOffset=Vector3.new(0,1,0)c.Size=UDim2.new(1,200,1,30)c.Adornee=b;c.AlwaysOnTop=true;local c=Instance.new('TextLabel',c)c.Font="Code"c.FontSize="Size14"c.TextWrapped=true;c.Size=UDim2.new(1,0,1,0)c.TextYAlignment='Top'c.BackgroundTransparency=1;c.TextStrokeTransparency=0.5;c.TextColor3=Color3.fromRGB(255,0,0)if b.Name=="Flower1"then c.Text=("Blue Flower"..' \n'..a((game:GetService('Players').LocalPlayer.Character.Head.Position-b.Position).Magnitude/3)..' M')c.TextColor3=Color3.fromRGB(0,0,255)end;if b.Name=="Flower2"then c.Text=("Red Flower"..' \n'..a((game:GetService('Players').LocalPlayer.Character.Head.Position-b.Position).Magnitude/3)..' M')c.TextColor3=Color3.fromRGB(255,0,0)end else b['NameEsp'..Number].TextLabel.Text=(b.Name..'   \n'..a((game:GetService('Players').LocalPlayer.Character.Head.Position-b.Position).Magnitude/3)..' M')end else if b:FindFirstChild('NameEsp'..Number)then b:FindFirstChild('NameEsp'..Number):Destroy()end end end end)end end end)task.spawn(function()while task.wait()do for b,b in pairs(game.Workspace.AppleSpawner:GetChildren())do if b:IsA("Tool")then if RealFruitESP then if not b.Handle:FindFirstChild('NameEsp'..Number)then local c=Instance.new('BillboardGui',b.Handle)c.Name='NameEsp'..Number;c.ExtentsOffset=Vector3.new(0,1,0)c.Size=UDim2.new(1,200,1,30)c.Adornee=b.Handle;c.AlwaysOnTop=true;local c=Instance.new('TextLabel',c)c.Font="Code"c.FontSize="Size14"c.TextWrapped=true;c.Size=UDim2.new(1,0,1,0)c.TextYAlignment='Top'c